-1.780021,.476645,-.7904403,-.363336,.3108815,-.3488981,-.9989121,-.6567873,-.7907122,-.4963764,-.5075312,-.3138836
.7009367,-.6048681,-.95543,-.7693461,-.3981247,-.4520552,.8196238,.8778973,.1751478,-.2398156,-.4155847,.3520752
2.373426,-1.697067,-.1301555,-.3909941,.1462845,-.481817,.7529984,-.5688716,1.447257,.2934153,-.4540677,.40706
.1493158,.1396363,1.75153,2.140945,-.1893516,-.3138441,.5730547,-.2915676,-.1165421,-.1742114,-.5668406,.2600437
-.5985864,-1.83764,.6751985,-.1438816,-.2460866,-.2009742,-.0623953,-.1024624,-.4222899,.3664454,-1.007215,-.6030737
1.466879,-.2235039,-.2919945,-.6826892,-.6206177,.082265,.5045174,.0904154,.4868769,2.202109,.3029841,-.7648277
-.0952449,-.9258073,-.5869599,.8485556,.7651612,-.567276,.8638372,-.1525859,1.036737,-1.173567,.5039368,.6031902
-1.456934,-1.599888,-.0311275,-.0763939,-.0471572,-1.133888,.3753714,-.7449076,-.1861007,.2462619,.039897,-.1041958
-.5084801,-.3269256,.1015151,-.1157033,-.0521374,.2397864,-.826082,.2343741,-1.345222,-.2018914,-1.533323,-1.093822
1.120311,.0255099,-.191221,-1.123815,.9126673,-.5819805,-.1407573,-.2550445,.2852636,.6838551,.2202829,-.3961495
1.816505,-.8722278,-1.101876,-2.284629,-.7050325,-.9586946,-.5120381,-1.0116,-.213548,-.1005607,-.4988594,-.5197804
-1.36173,-.2468196,-.4059243,.322768,-.3837933,-.3136714,-.9810998,-.5178977,-1.327171,.4346701,-1.47165,-2.223784
1.345606,-.111747,-1.357308,-.3047351,-.8729344,-1.152648,-.5075179,.139274,.0074682,-.8384733,-.3900125,-.0681536
.9088286,-.8614449,-.167471,-.2908931,-.1436789,-.0894078,.3111883,.4711888,-.1234672,1.123526,-.7602469,-1.112077
.7127136,.4019466,.497611,.6209437,-.4392984,-.3797352,.2665741,-.2957346,1.621586,-.5324448,.9221498,.6272686
-.8771418,.7053579,-.446131,.789894,1.301831,.0989484,-.5955518,-.0981625,.2627465,-.3553698,1.214683,1.339196
1.243427,-.1293421,-.9503891,.2824059,-1.418918,-.9806948,-.9956636,-1.562768,-2.094704,-1.604821,-2.468432,-.4687459
-2.089018,-.4172909,1.569579,.8513219,.5768167,.8840849,.1007681,-.1835484,.1803133,1.041975,-1.225521,-.1746126
1.699625,-.0283493,-.6057445,-.875446,-1.213055,-1.223398,-.2866628,-1.967285,-.2228813,-1.433107,-.4254879,1.291131
-.3370208,1.340055,1.333823,1.22636,1.497532,1.279322,1.493708,1.476894,1.455498,.7054737,1.899767,.3717919
-.7604221,1.183647,.0658748,.2967852,.7936526,.2700116,.0029567,.3366162,.4125528,.3510247,1.062105,.88037
.6982169,-.3396308,.9563141,-.7657275,1.080164,1.576966,1.469327,1.436446,2.618851,.9709126,.3947988,1.53811
-.0893141,-.3798783,-.6762011,.1404684,-.921704,-.3011194,-.8765556,-.8731384,-.1465615,.9156509,-.5553192,-.9931664
.7446314,.3744937,-.6868509,.026195,-.1375921,.1216785,.1125835,-.4844144,-.0647465,1.352773,.9829078,-1.592235
1.173733,-1.713474,-2.714401,-1.97223,-3.031642,-2.810245,-2.203707,-2.028295,-1.897242,-1.738755,-.9235368,-.9004735
1.732555,-.8092384,-.9305323,-1.247684,-1.256999,-1.909935,-.5541283,-1.22433,.4559503,.1364602,.3448809,.2884197
-.130274,-1.358043,-.4830956,-.6266574,-1.975131,-.3387601,-2.551757,-.4841011,-.3140967,-1.200915,.1259062,.9169033
-.6279855,.4469964,-.2755231,1.033888,-.3121053,-.8207383,-.6399639,-.4364006,.3014924,.1574518,.2707277,.5417004
1.395589,.8673567,.3398084,.328474,-.293026,.9887384,.6417817,1.261939,-.2370748,1.35171,.003183,.0572178
-.6499267,2.068366,.8686907,.0520293,.655021,1.194811,1.271432,1.456473,.541855,.6946487,.983124,1.969115
-.7352699,1.297151,.3026067,-.1254842,-1.256463,-.7823664,-1.377584,-.8633338,.8727378,.1072832,1.493565,.0743676
1.060358,.3259393,-.6188247,-1.188487,-1.528806,.3305861,-.825016,-.0269256,-.7142818,-.6815271,-.8798584,.6145261
-.1762792,.4691135,.9172794,1.015023,.5994688,-.0803259,-.0902806,-.7619422,-1.858579,.0526668,-2.833313,-1.897574
1.892936,-1.358959,-2.461535,-2.862077,-2.613436,-3.283887,-2.580801,-3.136098,-1.271571,-.5096074,-1.753058,-2.139575
-1.931677,.9744982,.4836301,.3032961,.4219856,.1133266,.7215111,.5830274,.2989872,.4082779,-.0163277,.1832665
-1.765606,-.9100118,-.5649571,-.8077284,-1.241671,-1.160437,-.9764897,-2.01005,-.8942353,-.2974368,-.3307332,.7368474
-.3412802,1.792701,.9356208,-.0149757,-.1306034,.9262684,1.34294,.7652137,1.06092,.2813689,.7488235,-.1144222
-.6548356,-.6533484,1.969174,-.0561116,.2292144,1.591762,1.410764,1.19568,1.979164,-.2362776,1.792357,.880551
-.8728039,.0473606,-.8353133,.8749257,-.027883,.832278,.2836057,1.454828,.2792732,-1.426481,.189342,.8891873
-.6288615,.5073901,.2278988,-.1890261,.4445018,1.496571,1.254369,1.25622,-.2337454,-.1216628,-.423791,-1.266513
-.609139,-.6003702,-.8962047,-.8997334,-1.510921,-2.037631,-2.670092,-1.592148,-1.016219,1.248463,-1.707646,-1.253047
-.0194569,-.1374157,1.238847,1.086124,.4793753,.4724268,.8552086,-.168575,1.418544,.4408824,3.011592,1.423683
-.2344373,.2424584,-.9919011,-.225786,-.7472202,-.7990476,-2.242949,-1.296371,.0450449,.9866411,.5341762,.7294286
-.9748979,-.0571062,-.1828356,.2335346,-.7766895,-1.197384,-1.778593,-1.073805,-.7736377,-.0763938,-.4140953,-.6459774
.8405162,-.6241646,-.875569,-1.400562,-1.10702,.0844619,-.2482886,.4508558,-1.616346,-.7985026,-.2352734,-.5927586
-.9379671,.574538,.6317872,.3432305,1.014976,-.0447245,.3708429,-.3791845,-1.527247,-.1353141,-.5743054,-.8419322
-.1269008,-.4399999,-.9235039,.1596679,.483318,.2676356,-.2938355,.898642,.7318634,-1.45528,.2910257,1.57914
-.6668849,1.096991,.5842996,1.08711,1.078889,.7628061,1.247045,1.128812,.9711668,.435681,1.288682,.396733
-1.259883,.4595829,.6124931,1.522144,.9837071,1.235279,2.325857,1.140878,1.529264,.2768455,.0707507,.8242427
-1.585531,.8747093,1.221946,-.2034079,.213601,1.134511,1.17072,1.093758,.6868947,-.5296719,1.096951,1.033471
.4190606,-1.564796,-1.476689,-1.186975,-1.337687,-1.42927,-1.2214,-.7795939,.5639946,-1.193786,1.69133,.7204308
-1.472708,-.3381307,-.1902999,-.8229802,-.7055827,-.1978733,-1.090359,.1118181,.5475866,-.9907787,-.0018251,-.1372803
1.142041,-.8086724,1.083419,.1856713,.3885044,.9223515,.3122707,.4103091,.4200402,-.0630569,-.4928288,-.111064
.4279761,1.192069,.7990574,1.022768,.3604052,1.436052,.3419206,.7769113,.4692285,-.2656925,.9173414,.751321
.6575298,-1.531393,-1.22462,-.4156193,-1.299782,-1.07264,-.6955839,-.6446322,-.1804298,.017086,-.0610548,-1.258611
1.172516,-.313758,-1.008194,-.2205012,-1.570198,-1.038156,-1.042559,.2966294,1.20873,.7473268,.8190776,-.3435212
-.5339712,1.104484,.4803831,.0430333,-.2308628,1.508704,.1447992,.5708407,-.4530589,-1.349622,-.0285389,.408303
-1.753519,1.705435,2.115953,-.101749,1.207518,2.338211,1.735244,1.599764,1.406372,1.859179,1.303003,-.9573537
-1.899766,2.612034,1.867796,2.194281,1.03668,1.788118,1.235431,1.223874,1.280981,.0984471,.9491538,.6762552
-.3812595,-.6576661,.3063231,-.138328,-1.839717,.0543327,.2782085,-.4803398,-1.367006,-.8720816,-1.622956,-.3642075
.2625733,-.7016992,-1.074759,-.9505123,-.2201101,-.479506,-.9278718,-.0735594,-.5557656,.1778966,-1.099779,-1.174298
-.1160122,-.1612969,-.304784,-.0913079,.2261944,-.0643758,.0352363,-.0095231,.8677933,1.235122,.5975158,-.1059194
.3939314,-.0072843,-.9352153,-1.047388,-.8718142,-.2049333,-.1644375,.2998165,1.23607,-.5359543,.5816749,1.128857
.7671915,-1.334981,.3621701,-1.132601,-.2130781,.2623318,.187513,.4600026,-.7244153,-1.109042,-.2210587,.7089716
-.0656718,.4749889,1.057579,.4255994,.8208424,1.396686,.9495501,1.397285,1.050176,1.187979,1.021083,.7448441
-.0631949,.7599782,1.00065,.7128357,.5491164,.7029827,.5209193,.7002407,.1014635,.2451854,-.5936024,-1.426674
1.480087,-.2886391,-.5012004,-.0033403,1.126816,-1.168074,-.6091945,-.3671847,-.8190607,.1272567,-.3830786,-1.132651
.0135289,.418869,.4299402,.8658644,.208782,.5855574,.5061427,.3883934,.6160249,-1.650917,-.4474294,1.073254
-.0844523,-.9293329,-.4499235,.8601722,-.4014016,-1.904973,-.8523974,-1.703384,-.2471507,.3878974,-.5747098,.0250555
1.904811,-.0850903,-1.714147,-1.431579,-1.954891,-1.110869,-1.222744,-.8774477,-1.603001,-.7602354,-.3511426,-.0753556
.3598362,.2329291,1.149778,2.136119,.8176872,.6635933,-.0493621,.6082563,-.21034,.7449649,-.3538394,-.9054876
-2.573079,1.557677,.8767205,1.109667,.57954,1.499935,.7811078,.9705445,.852743,1.247893,.4304522,.0504548
-.8332683,.6240436,.8869148,.7034323,.7863528,.4259732,2.416405,.4069674,1.697749,-.411686,.1329057,1.100538
-.1143598,.1430413,-.3144369,-.8557233,-.7132807,-1.307628,-.7776948,-.7446136,-.0333,-.310573,.4937832,.7383134
1.209263,-.2284056,-.9803281,.2062555,.210336,-.0060382,-.2542437,.4287946,.0722464,-.5905036,.222981,-.1633014
1.094693,-.7779516,-1.87246,-1.609851,-1.300902,-1.343232,-.3922631,-1.189937,-.1014584,.2215729,-.7242685,.5461608
-.5452334,.6530163,1.702001,.1043234,-.1875559,1.774533,.9400116,.8164227,.5271247,-.6345889,.4955983,2.099563
1.879565,.4100006,-.085936,-.026747,-.7036637,-1.121529,-.6121299,-1.065462,-.9701431,1.427026,-.6713346,-1.849718
-.1607714,-1.166244,-1.52239,-1.383166,-.2552629,-.0072482,.8861589,1.060835,.757907,-.4693214,.7627819,1.941344
.2001972,.0353798,-.6373903,.2305555,-1.059566,-1.256582,-.8897961,-1.647968,-.6882063,-.2662262,.136693,.0415179
.8451067,-.8718109,.6466015,.6012154,-.2493712,-.5855196,-.0660035,-1.055413,-.5786774,-.4226817,.4239732,.2330751
.4619688,.261468,.3373135,1.025274,1.49457,-.9798716,.6528062,-.2843422,.6693964,.6378509,.8683398,-.7167338
-.7752047,.379667,-.0830306,-.8576514,-.1866165,.1161425,.0453442,.4106342,-.2648439,-.4324184,.412474,1.006207
-1.573228,-.3196635,-.3484166,.715301,.7100888,.5575903,.0960671,1.229578,.8703713,1.873158,1.275129,-.1793788
-.8844332,1.217758,1.101831,2.033497,.9154732,.4482802,.6989623,.6220484,1.388656,.3523642,1.674647,2.410969
-.3596789,.7194687,.6298548,.030291,.9865471,.1496774,1.974404,-.0781567,1.108443,.2072411,2.208027,2.179799
-.3295207,.3331323,-.9928504,-2.254611,-2.118094,-.6212379,-1.969214,-1.958042,-2.097128,-1.649809,-.8091766,-.9851861
-.2320089,1.620981,1.033388,1.273212,.3025601,1.42103,.7651403,.7039064,-.4916105,-.8412258,-.1065247,2.189453
.9929138,-1.015731,-1.855612,-.7484533,-1.294003,-2.556933,-2.042177,-2.299856,-2.046113,.8324654,-.5218122,-1.478522
.6860758,-.8597039,-2.308313,-2.887978,-2.000165,-1.852109,-1.408225,-1.19724,-.9767687,-.491128,-1.577718,-.6531761
.5973741,.9507123,.1751073,1.272702,-.434861,.0593997,-.0583645,-.4765257,.6153517,-.7469869,.3406977,.4759233
1.319731,-.7252557,-2.126544,-1.00791,-.509922,-1.735105,-1.479642,-1.303607,-1.216716,-.4526645,.2868252,-.600209
2.239964,-1.902034,-.7228913,-.6200678,-.300135,.211287,.9333937,.8527912,.8851975,-1.360825,-.3470612,2.118998
-.0741,.2335344,.5977936,-.048817,.2050882,.3696097,.4542965,.2641033,-.0390027,3.137448,-.3490002,-1.721627
.5151439,-.500389,-1.910061,-2.398813,-1.645113,-1.626135,-1.102548,-1.245178,.1759491,-.6711538,-.3308421,.5244626
.1203681,2.497538,.575755,-.1309072,-.2441537,.1151833,.0092808,.3060404,.5711548,-1.145588,.0063549,.2156644
.2159039,1.547179,.267737,.3891049,.2294407,.6068187,-.2245192,.3767511,1.41508,-.0192437,1.426373,.5912908
-.9883909,1.236701,.6933478,.9914675,.2181288,.0200506,.8664874,-.0117771,.571275,1.027432,1.133343,1.166469
.6579036,1.207574,.2632838,.3137046,.5272263,.5013787,.3322389,.3727444,.456946,-.2086997,-.2380485,.1429592
-1.397765,-.0029856,.0674428,.4976766,2.116345,.6613421,-.1210037,1.967611,1.974778,-.5888921,.8802958,2.232188
-1.976849,-.3374066,-.1091809,.7139565,.8752995,.287257,-.3831109,.5197333,.9038125,-.6769924,.9481726,1.620007
-.0949667,.0124732,.4503999,-.2078516,-.0025965,.4214746,.4842884,-.2604438,.3785077,-1.327195,1.124916,1.54992
-1.622577,.2421439,.3360438,.6793424,1.1731,-.3356008,-.4575866,.3447782,.57696,-.2574396,.7432057,.1085641
-.3220755,.5054376,1.202404,.0629885,.8125552,1.473677,.4697732,1.289312,.8154062,2.073427,1.019561,-.5520872
.7003869,.1494061,-.4051415,.0362913,.7019305,.3516841,.2411227,.7043731,.842915,-.0489048,.8529642,1.636177
1.008686,-1.132941,-.3207842,-1.138654,-1.141482,-1.410945,-1.558619,-1.12833,-1.476856,-.4268701,-1.723192,-1.526749
1.0011,-.9036812,-1.045485,-1.141528,-.8535592,-1.15631,-.491825,-.6455764,-.5977497,-.3368393,-.2158546,-1.19325
-.9935079,-.4323707,.5305345,.4841576,-.0601236,.5032551,-.0485456,.0448892,.2873236,-.5665339,.1262148,-.1413059
-1.528139,2.765088,1.130978,1.868705,2.208518,1.132133,1.600229,1.236206,2.121174,1.023552,1.630041,.577127
-.78067,-.2258514,-.2740681,-1.541478,-.1865259,-.1514679,-.1952247,.0045267,.7320471,1.498325,.5432509,.2460162
.449457,.7637625,1.691297,1.886743,.3663369,.3950732,1.13932,.0804995,.6485012,-.1581703,-.4438896,1.068062
-1.328225,1.33263,1.177697,2.402977,2.049236,1.547739,2.587265,2.693276,1.169172,.378378,-.3149401,.32114
-1.879863,.6317701,1.625094,2.393004,1.441884,.1574139,.9585224,.3548366,-.3733639,.0246829,-.541226,.0425019
-.1130184,2.446989,1.671064,1.532188,1.649887,1.625008,1.958225,1.521573,1.018358,-.3508471,.7111922,1.440981
.8883311,.6708835,.1947689,-.3096504,-.1156814,.6741341,-.3843763,.0682562,.4995244,-.7145141,.9344945,1.132208
.5027411,1.376377,-.487088,-.7429968,.7230791,-.4475402,.4521432,.6087414,.0921047,.9338923,-.3894291,-.895143
-1.364264,-.1332545,.0821551,.1009905,-.1032517,.3866925,.0951513,.3653705,-.0430087,-.1380088,-.8875284,1.058257
.87341,.5020759,-.4057097,-.5974007,.0194155,-.5614185,-.0345237,-.1246815,.3311066,.4175815,-.5989038,.5372888
1.882124,.6012055,.8888557,-.4858433,-.1899376,.7523572,.4039099,.1349503,-.117663,-1.242705,-.2866612,.4530241
-2.30634,1.72831,.8659073,.0065421,.1221914,.346593,-.6299058,.2438303,-.1037845,-.0786277,-.0625837,.348639
-.4876268,-1.754535,-.3437044,-1.093969,-.3679034,.2022862,-.3231525,.0228017,-1.045788,-2.376655,-.5331743,-.3022299
-.8058745,1.033371,1.630145,1.506428,2.248434,2.513919,2.408022,2.402168,1.252849,.4950108,2.086989,1.049889
-.6355289,.5204489,-.10965,-.4874524,.0318694,-.166613,.4016885,-.1424621,1.22829,-.9150538,.4262094,.8304576
-.7285291,-.1567083,-.9234647,-.6190713,-.369279,-1.213589,-.0833829,.0698087,.5608508,-.8039436,.1252902,1.901334
1.1028,.2025176,-1.65746,-.7496544,-.5968512,-.2127123,-.6140625,.3773828,-.5572068,-.236962,-.6000304,-.3620207
-.2614377,.1250994,.980909,.6122659,1.282979,.9574,1.619135,1.959509,.6751894,.7353253,.1456178,-.0856459
.0750714,-.9573907,-1.100738,-.7280242,-.5717525,-.7047673,.3564208,-.450108,1.192155,.1671693,-.6747988,.1724367
1.265786,.2529546,.0949333,-.6981053,1.207267,.203903,.2376283,.3816444,.5447405,-1.758004,-.2262796,1.895697
-.6380928,.4248238,-.1365284,-.3311013,-.7480562,.9984396,-.4112209,.3248697,-.5703391,-1.417405,.5530522,1.027315
-1.03762,1.398363,-.3840619,-.4822583,-.2191482,-.2684253,-.1320503,.1953956,-.1034563,-.3298047,1.276676,.003917
.0725944,-.5927966,1.20353,.2037095,-.157961,1.708426,1.264167,1.41234,-.6682473,-1.408877,-.2708279,.5682007
.1937112,-.4880899,.1210872,-.7034422,-.5077858,.2814501,-.0584932,-.0562686,-.2568812,.6525539,-.0409658,.3477479
-.3266153,.5559685,-.1999469,-.3818605,-.5336275,-.2501682,-.8836926,.1102605,-.419902,-1.099053,.3281846,-.5085419
-1.033494,-.3463247,.3759934,.1160346,-.3927408,-.657339,-1.788569,-1.190227,-.9432201,1.601858,-1.76139,-1.246705
-.2715355,.6266772,1.408252,.3765983,1.365766,1.714406,1.76775,1.188872,.7896635,1.64635,.5203585,1.247063
-.52297,.8641309,1.032282,2.027932,2.518469,1.626639,1.440703,1.78378,.959797,-.4137481,1.281038,.5310347
-.5938616,.8637509,-.0730217,.3320446,-.1483179,-.0344166,-.3087904,-.7153088,.7726818,-.0959204,-.9217314,.5422468
1.005327,-.1776141,-1.503615,-2.315542,-1.061645,-1.520608,-.9369053,-.3895205,-.6296026,.0600015,.3596359,.5336969
.2329826,.0756593,-.4519313,-.6386928,-.5664107,-.2252918,-.3802012,-.6667875,-.218842,-.3319549,.7938974,-.8380803
.1511177,-.0339873,.4499081,-.6412065,.1297302,.821794,.3481481,.9024235,-.1168089,1.987686,-1.046661,-1.19372
.6747761,1.16545,.3007654,-.2253046,.9427663,.3693355,.4131566,.3401078,1.405812,1.829699,1.543609,-.695833
.7267093,-.1412589,-1.765422,-1.084934,-1.157597,-2.225329,-2.496367,-2.434304,-3.397121,-1.828346,-2.329451,-2.289859
.2611655,.6176401,1.689983,.8935698,1.574326,1.255062,1.229395,1.143815,.2308777,-.6142789,.4788923,-.1763525
-.2228937,.8210433,-.0534771,.1802935,-.2623173,-.5287473,.2987423,-.2868808,.3225522,.0987836,.2853622,.3079808
-.352757,1.156493,.6616101,-1.121068,-.6436829,1.357156,.6371087,.3619447,.1069634,-.8412796,.1622496,-.2258969
-1.647188,-.8630685,-.7087308,-.2898104,.1922535,.4321482,.1556658,.0873122,-1.851454,-1.80846,-1.23148,-1.328601
-1.049075,-.8236621,-.1080064,-.8344658,-1.457421,-.1732839,-.9754149,-.0251446,-.1484643,.7614293,-.1081277,.2363615
-.2656981,.2829291,.9118544,.1727861,.6091543,.3431978,.8463795,.9438311,1.11711,-.4852866,1.058524,.3000782
-1.037721,-.2562719,.5812228,-.4372844,-.2588459,.9989278,.6838566,1.149957,1.348948,-1.091362,1.314501,1.570691
1.336877,-1.479921,-2.308775,-1.88787,-1.643201,-1.904218,-1.374851,-1.151846,-2.023548,-.1640601,-1.410205,-.2109484
1.615219,-2.067084,-.0966391,-1.213548,-.9732673,-.8629325,-1.343021,-.4071971,-.6961362,-1.726785,-.6828644,1.208438
-1.567664,1.21399,1.051457,.5042688,.52954,.6548666,1.30065,1.379743,1.583907,1.64828,.9000556,.0204589
.3987875,-.7255434,-.9714806,-1.262084,-.2738546,-.9706345,-1.28662,-.6899539,-1.468284,-.5094267,-1.882161,-1.647721
-.1854814,-.1052085,.0690391,-.3225107,.3221094,.5608347,-1.142691,.7047414,1.040018,-1.102344,1.61232,1.409172
.4108279,-1.052842,.5161006,.9242774,.6074343,.2241784,.7621449,.2653084,1.670391,2.525502,1.312372,.8853821
.0632123,-.3838469,-2.027491,-2.840581,-1.226373,-.6654581,-.1891583,-.2461661,.5786038,1.385888,1.131489,-.4051364
-.5410954,-.1045631,-.4376742,.4989968,-.6241444,-.9257385,-1.6688,-2.286535,-1.415149,-.1879073,-1.041012,-1.588409
-.817533,-.7167891,-.5668392,-.7984711,-.3371691,-.397684,.0128429,-.0276238,-.3954012,.8468714,-.176569,-1.300844
.4011241,-.5021942,.1385648,-1.770019,-1.230902,-.0083536,-1.626957,-.9486772,.2775058,2.131622,.8490323,-.8372564
.95733,-1.973711,-.4550254,.7618691,-.4703561,-1.086767,-.9339994,-.2430815,-.7459465,-.8051988,-.9443934,.0252237
.0459597,1.04124,1.678931,.0584315,.970367,.6870185,.8015102,1.221453,-.2364696,1.478101,-.6199315,-1.738608
.3626887,-.8161607,.098826,-.7223433,-.4357313,-.4391439,-.0619898,-.8075165,-.3158073,-1.37927,-.6693296,.2408921
.920511,-2.044171,-1.993537,-.8601484,-1.0397,-1.980807,-2.206345,-2.48802,-.7460887,.3817147,-.3994729,-1.851405
-.5036305,-.4805199,.4488167,.0171825,1.05322,1.286669,.6804118,.8150352,-.1349574,-.4729372,-.1370855,-.2271836
.0872448,-2.07912,-1.023132,.0899018,.1212142,-.1546113,-.4990643,-.101524,-.1091775,-.6410461,.2577727,1.051623
.8090889,.6855668,-1.184573,-.7499114,-1.868125,-1.39488,-1.601402,-1.757486,-1.204495,1.124567,.7344744,-.66733
-1.622577,1.850363,.1583407,.6224869,.0602356,-.1506128,-.6717919,-.5153076,-.6766997,-.7511615,-1.031194,-.410326
1.046167,-1.458064,-.2292086,.6245472,.4338627,-.0662703,.3986553,.0282324,1.031149,-1.241547,-.1576435,1.19659
-.8086315,.4555344,2.120591,1.758048,.9853608,1.571915,1.256609,1.338795,.995911,.0568164,1.439405,.636488
-.0572298,-.0939488,.2137989,-.5076113,-1.346515,-.8205746,-.2846979,-.4842364,.7005773,-.1266469,1.192461,1.521379
-1.526517,.8418831,1.752426,1.600735,1.750798,2.659051,.9284748,2.341684,.8666424,1.428569,.338831,-.7037547
-.2971023,-1.344505,.2062399,-.3575121,.2454806,.4652911,.4391899,-.094259,-.0226802,1.111419,-.1666428,.1408328
.8668185,-.0838937,-2.872834,-1.001948,-1.468482,-2.954749,-.7447939,-2.058426,-1.456114,-1.041462,-1.979927,-1.40003
1.58242,-.5578716,-1.071812,-.9733388,-.2343892,.4707673,-.0187492,.2571377,.469559,-.5380856,-.8314282,.7147456
-.4819527,-.1108397,.9720094,-.0508388,2.125529,.8759155,.6120279,.0494919,.7893845,-.0227015,.3231373,-.1501262
.3831729,-1.220981,-.100344,.3207944,.3943187,-.1232137,-.8222163,.0167783,.1514207,2.54928,-.0655733,-.0742904
-.5902007,.0523059,.6334162,.8898966,1.441466,1.597275,.5860171,1.346786,.0386609,-.1726187,-.2572697,-1.026284
.1036821,-.961511,.7917582,-.4486324,-.6132514,-.4125191,.221678,-.9169347,-1.065245,-.3852,-1.504581,-.3056863
.194435,.2980076,-.7489245,-.6047608,-.5168454,-.8816168,-.1921739,-1.200733,-1.70871,.7257257,-2.007198,-1.830855
-2.185401,1.853315,.1802329,.5300977,1.125808,.5363996,.8615309,1.186024,.8491136,1.84214,.671771,-.6934131
.1930648,.2689463,.6320818,.0309475,.0151162,.7438453,.3646004,1.194232,.6353312,.0658145,1.104937,.4595769
-.7844869,.0839224,.7603212,.0232657,.6630527,.7966545,.0563246,.5453864,-.4032564,.0382606,-.2419633,.8624296
1.138039,-1.959815,-.4476268,.1510565,1.125531,.4361611,.4682472,.6223044,.4398282,-3.222343,.6651824,1.620637
-.0377649,-.418572,.8466926,1.224564,1.840414,1.830078,1.527635,2.478565,1.783335,2.0865,1.358131,-.6941879
-.8635014,.3803776,-1.157211,.1183789,-.5381302,-1.648584,-1.464984,-.8547785,-.4120121,.6785455,-.4315748,-.6309215
1.320452,.8021261,-.5556647,-.3648394,-1.591078,.1562516,-.7809749,.3023778,-1.112184,-.0345006,-.8006283,.4776764
-.340748,-.596599,.6425132,.4629183,-.1210738,.323103,-.0041544,-.6158715,.551854,.0833029,.3250342,.7734872
-.0233204,-.6237159,.6650674,-1.579624,-.1691572,.5114694,1.226293,.1405324,.2261657,-.3275694,.1565066,-1.152437
-.373463,.6299253,-.1711805,.6042945,.5333911,-.3497889,.3737186,-.5477083,1.605455,.4985868,.4051578,1.153261
-.7755685,1.939946,1.179082,1.118702,1.748814,1.400668,1.8405,1.517852,.8727355,-.2096575,.5807313,.826646
.5900353,-.3021957,-1.549153,-.5954379,-.4060574,-1.257014,.8254248,-.3852807,-.3909386,1.375221,-1.220313,-.6660259
1.350869,1.924752,1.654181,.0691208,-1.181759,-.7765494,-.5852113,-1.540531,-1.03779,-.3698226,-.3657044,.2329393
.3283132,.7601766,.1284364,-.1816503,.3999743,.1927839,.0454299,.411811,.1785291,-1.28197,.2642239,1.131741
-1.523906,.4845672,1.026166,1.162859,1.668956,1.392354,1.663746,1.445876,1.964487,.7238228,1.516992,1.180477
.2751909,.2162032,1.324488,1.43098,.6903056,.800578,1.914376,1.283385,.661091,1.058556,1.634118,.4848501
-.3745523,-.6201988,1.461079,1.248208,.2399928,1.231723,1.030007,1.662509,-.6561765,-1.568422,-.0905367,.1857877
.4155278,.7947306,-.6352813,-.6715918,-.3011442,.0676089,-.0835677,-.1408176,.6536961,.2725888,.3049098,.0350941
-1.559932,2.134943,.0327363,-.2434667,.00266,.1276136,.0865664,-.2469656,.34637,1.543903,.6458191,-1.700178
.0092543,-1.486045,-.3254188,-.6243035,-1.372884,-2.07144,-1.065464,-2.636028,-.119975,.6070122,-.9296178,-1.913661
-.1791409,.8333518,1.592893,.1526704,.8798041,.2668202,.100729,-.0214115,-.4616147,-.5154043,-.6213769,-.2560348
2.462742,-1.428264,-.7330357,-.7276073,-1.052845,-1.216773,-1.30655,-1.395381,-.9472829,-.6264806,-.8063358,-.3717507
-.0274791,.2089816,.4455261,-.2597481,-.3338456,-.2439077,.5524038,.1889894,-.7850628,.4386704,.0680632,-.7552399
1.066426,-.9261585,-.821222,-1.258727,-.3033514,-1.094301,-.8062094,-1.101809,-.755182,-.2226168,-1.461152,-1.713405
-1.609241,-.0341651,.3164112,-.6205178,-1.600374,-.8589949,-1.285348,-.6772153,-.8709044,-.7699484,.4169257,.7977823
.1389227,-.3212551,1.537396,1.114887,.8077728,.3541638,1.366552,-.5735195,.0200324,-.6990561,1.072072,1.19194
1.504808,.3227278,.6103967,1.23925,.3647337,.0888468,.0633955,.3240114,-.7034509,.2971655,-.9751347,-.0816278
1.093976,-.7622614,1.22251,-.7301409,.232596,.8860416,-.1391077,.4527741,-1.331039,-1.182966,-.9220378,-.7767379
.1893582,.3787082,.5525761,-.2877751,-.0781412,.404154,.5885337,-.7875893,.2966531,-1.650324,-.2338124,1.122336
-.4975089,.8437107,1.160179,1.190784,.5892101,.5416768,1.380509,-.305057,-.9888801,1.36926,-.9793023,-2.169861
-.0860618,.5810105,.0655421,1.53281,-.2832535,-.7164662,-.0118986,-.4140284,.3317975,.6631421,1.108582,.582985
1.168518,-.7857944,-1.128681,-.2765307,-1.322534,-1.28502,-.7519407,-1.784421,-2.165962,-.0917334,-1.584383,-2.154173
.1073927,-.231773,1.881249,-.2456469,1.553987,1.315792,.9917017,.7333475,2.107718,2.641571,1.640703,-.3502262
-1.206872,1.36659,.8371789,.5190394,.5631658,-.3844084,.2649005,-.5208199,.3600218,.2223637,.6225776,1.129236
.2772176,-.8257988,-.174936,-.3366492,.046861,.873411,-.1877244,1.212428,-.1537148,-1.187104,-.4339539,.8681066
.3904028,-.6096246,.1934365,-.4372669,.9932002,.2410546,.7219462,.2030089,-.6678017,.0317168,.2292689,-.6924523
.5946892,-1.89465,-.5924982,-.7306988,-.3221368,-.2273422,-1.398442,-.140266,-.1201123,.5839052,-.3229319,-1.058355
-2.127863,.7688148,.7288913,2.224539,1.408745,.6267371,.6491894,.8238558,1.281937,-.0209898,.348615,.4671652
-1.103933,-.6031728,-.0243202,-.7574958,-.8016894,.0848794,.0945558,-.0164254,-.0575655,-.6429978,-.7256778,-.8274794
-1.21994,.7143137,-.1949672,.4890893,-.3278826,.2834941,-.1508383,.6955899,-.6848316,1.224464,.0333816,-.9110391
-.2648365,-.733481,.7989381,-.1751911,-.0847489,.8767592,.3322894,1.077168,1.234126,-1.661582,1.841987,.9809103
-.9335598,1.614101,1.076862,2.765674,.6983075,1.376344,-.1050525,1.017235,-.0248206,.0879827,-.880747,2.073146
.7322482,.074466,-.0153568,-1.517732,-.2234221,-.9328381,-.15437,-.1441896,.0225541,-1.202955,-.5798618,.0614388
-1.136755,1.182744,.7225986,.3367149,-.2394804,-.1405647,.1989458,-.5179127,.8951061,.5332226,.8671972,.385687
1.737209,.1140689,-.6279199,.2773148,-.8037745,.2011044,-.4906392,-1.291856,-.5258317,-.6582463,-.0923806,1.062508
1.695129,-.6565311,-.5274928,.2126996,-.2427717,.2324436,-.5642856,.0229441,-1.457997,-.5343329,-.6593527,-.5623227
.9898928,-.2771857,-.6443845,.3994111,-.363414,.3285567,-.0518224,.7291014,.0989499,-.7506887,.5677983,.1079648
.0366382,-.7955541,.8544034,.628121,-.4353469,-.9453739,-.5661188,-1.742686,-.9449557,-.2983904,-.7425961,-.6748873
-.3295268,.3053978,-1.63595,-.7361662,.1199765,-.6187193,-1.283337,-.3239563,-1.671824,-.4154059,-.957491,-.3984946
-.8795938,-1.288384,.2680338,-.121063,-.580874,.2655382,.2560768,-.4158179,.0430146,.5261518,.408247,-.7109807
1.177001,-1.884918,.4230291,-.7767036,-.5396897,.2818157,1.117394,-.3322257,-.7176464,.9594021,-.3845436,-2.107644
-.2171486,1.25986,.5759133,.3230805,.4306039,.6879764,.8340626,.2418967,1.870052,-.5440752,1.701399,1.199248
-.1307405,.440472,-.3705626,-1.335304,-1.244518,-.6732817,-1.617935,-1.031945,-2.613436,-.8172208,-1.357676,-1.132031
-1.681164,.8945391,.5600918,1.56032,1.601036,.8799785,.1658475,1.089868,.0991593,-1.369449,1.268611,.7476294
-1.360402,1.141756,.9882289,2.269183,2.173947,1.184881,.1176416,1.012024,1.382718,.5652521,2.475595,1.758181
2.056449,-.5062159,-.0198454,-1.326781,-1.466694,-.0238903,.0179548,.1148421,.0856728,-1.087422,-.024573,.0631189
.3400977,-.417152,.2194654,.7712476,.959972,-.1603689,.10947,.2641055,.251747,-1.44732,.9796182,.8604848
.6159965,-.8884755,-1.111525,-1.282795,-.7090673,-.6361233,.1215338,-.0480292,1.02677,-.7343047,.0502337,.9226213
-.8061433,-.9741315,-.068953,-.0158827,-.9972178,-.4290537,1.264571,-.6575319,-1.437574,-1.027782,-1.025043,-1.303621
-.7921205,-.3132605,-.1799489,-.0122212,-.2995616,.1876785,.0124703,.6198187,.1632909,-.1511853,.005785,.9144588
.7893248,1.856323,2.939624,1.187079,1.937263,2.760558,3.304831,2.263263,2.646903,.849912,1.643062,2.386423
-1.646259,1.276498,1.539133,.0034075,-.9532251,.6721888,.6296967,.0270652,.3764886,1.973256,.917447,-.3119675
-.9398696,.8267953,-.2707278,-.9002345,-1.655468,-.8472215,-1.307948,-.5751866,-1.150138,-.2795087,-1.635138,-.851817
.404108,-.3894798,-1.158166,-1.573671,-1.915037,-1.419894,-1.943918,-1.602997,-1.408928,-.7585688,-1.181111,-1.855733
.2326711,1.155459,.5875229,1.156116,1.603259,.979523,.8774062,.5715774,.9710218,-.1099439,.436044,1.489852
-.2128022,-.0232564,-.2501784,-.5698928,1.024262,-.1390542,.4221715,-.2056407,.0253924,.1980345,.2107358,-1.116418
2.038749,-2.005085,-2.434613,-2.191211,-2.058254,-1.52266,-.8172973,-1.778394,-1.813825,-.3921377,-2.162914,-1.435004
.5983284,.2490586,.3947241,.391544,.0860929,.4293641,.8002233,.248687,.3390841,-1.672087,.7087799,1.715713
-1.076418,-.3697712,.3189804,1.838706,1.902598,1.186257,.1440781,.7871337,-.0038989,.2400922,.6847373,-.1863675
.6100646,-.4736043,.1846067,-.0002508,-.7042401,-.987263,-.8837355,-1.093744,-.5979357,-1.392627,.0068595,.3323136
.5459157,-.0993715,-.144569,.4087323,.4127266,-.2090512,.5950401,.5653527,.8648338,1.243935,.7937891,-.087698
.5139437,-.0758076,.34141,-.048899,.1077218,-.4142961,-.1643949,-.059274,.9059507,-1.550032,1.048694,-.041019
.1436145,1.052148,.4435512,-.1274993,.2967469,.9647166,.2563729,.9414465,.1726487,1.199139,-.1327756,-1.355315
-.5934989,.5094244,.2647566,.0537832,.1743919,.4774253,-.2963629,.6233429,-.1678993,-.6572733,.2228692,1.051534
-.5200832,.7006384,-.6314843,.7461563,-.06097,-.8070762,-.5132084,-.196768,-.1341751,-.2519432,-.5085409,.8501648
1.200743,-.4137992,.2853938,-.7127447,-.5942638,-.2128081,-.1192565,-.0450357,.1333812,-.1627673,.6285055,.7573945
.4149557,-.1959739,-.0275191,-.8169025,.1759455,-.2031235,.3175105,-.3185843,-.725185,-.8151711,.2587224,.5745109
-.5765187,.4718976,.5368354,-1.085227,.0753788,1.055723,.1312327,1.083958,1.028433,1.236067,1.00704,-.7950572
.1277098,.3104253,-.2821176,-1.064071,-.6628095,.4135683,-.7450861,-.1053765,-1.263705,-.0035671,-1.104303,-1.230355
-.5811558,-1.201457,-.9262987,-1.107526,-.7293676,-1.073085,.2446191,-1.555487,-.5407184,-.6233218,-.9853936,.0907411
.7411731,-1.307934,-.6469049,.3806882,1.326043,.1898059,.689706,.0538382,.0048469,-1.24236,-.1920102,-.078922
.9432785,-2.494065,-.207369,.7368284,-.4558644,-.9563697,.6884566,-1.181133,-.0641925,.2133831,.3275046,.1485163
-1.573612,1.18957,-.2077591,.5840182,-.3316305,-.3614337,-.3872674,-.7507335,-.3178128,-.5707847,-.3346542,.6118427
-.4928553,-.147195,.0350438,.1548309,.241825,.7402015,.7409366,1.520024,-.0788796,-.3208402,-.0728118,.7286467
.2082482,-.3003204,1.048598,2.246734,1.208119,.3398393,-.3006113,-.1279919,.370819,-.4916131,.4726203,-.3884399
-.1775894,-.8336635,-.4277993,.1727742,.9959329,-.5549313,-.5033472,.6379549,1.058988,.3507311,1.522113,.8359285
-2.043966,.2794669,2.379296,1.248634,.6552669,2.339465,1.769007,1.842122,1.1221,-2.048824,.8494716,2.141783
-.4843992,-.9830875,-.0668091,1.556792,-.1539178,.6821216,-.4398792,.499967,-.4612973,-.3023565,-1.347779,-.3319135
-.1672626,.9168639,.2942623,1.289989,-.6479304,.2271742,-.487782,-.6276344,-1.451547,.774413,-.0154375,-.7536018
.5656171,-.8147988,-.9633176,-1.530157,-1.187817,-.7198169,-.6781458,-.0462666,-.0602709,-1.511985,-.359386,-.0125427
-.8649208,.4753534,-.3531169,-.3068557,-.3459274,.4596016,-.1748776,.4214458,.0151938,-.7351689,.387744,1.120922
.556618,-.1937499,.4115599,.6887429,1.483738,.9207264,-.0582964,-.2396442,.0837668,.5633946,1.001849,-.4388524
-.3246541,.2342914,.4264785,.5905672,.1719819,.4936078,1.669919,.9484778,2.026589,1.260262,.9964013,1.866871
.6137651,-.169488,-.6590328,-.3912866,-.9503053,-1.042863,-.7011952,-1.079707,-1.16815,-.6266723,-1.181281,-1.045103
.4884636,-1.181416,-.1230358,-.967247,-.6376221,.3074678,-.1055443,.6327805,.6818601,-1.187276,.9607911,1.00185
-.7177172,-.4082156,.7208669,.1828897,-.2286972,-.0484037,.0651968,-.375183,-.1454545,-.9751499,-.1041362,-.6188759
-.0551283,.9092724,-.3586658,-.6666549,-.7730082,-.8156361,.4674964,-.8802554,-.0200915,-.5080163,.8749657,1.541827
-1.214258,.5742034,.2919458,.2294884,-.7979618,-.3349586,.0424883,-.2718889,1.207541,1.131194,2.081824,.7638103
-.1272757,-.3625909,.0035852,-.3895478,.1791072,.5434461,.2872128,.6309639,.1781523,-.2666047,-.3861746,-.2298448
.4088738,-.2319976,-.7885978,-1.124726,-1.677227,-1.600241,-1.796788,-1.451024,-.7705548,-.529058,-1.177735,-.6835699
.4424506,1.380687,.088201,-.1679918,-.9119319,-.8184258,.7469859,-.0992636,-.3763378,1.423363,-.3301903,.0353165
.1417085,1.323342,.7514837,1.13735,-.013199,.3629419,-.2633566,-.6062704,-1.481458,-.3094816,-2.580543,-.808055
-1.622467,1.177933,.0757946,.2414958,2.319298,2.597227,2.031735,2.202604,1.058077,.7078338,.5123122,.1732301
.7358105,.2508689,.848714,-.3057062,1.126105,1.110934,1.973752,1.307357,1.746796,-.0702792,1.121194,.7791288
-.6727237,-1.425954,-.7881063,-.5681049,-1.415032,-.9039514,-1.651766,.1158222,.376077,.8672291,.6934317,.186217
-1.190698,.8281417,.7104109,1.228046,1.020888,1.03916,1.525613,.5100313,.214969,.5836905,.3945262,-.4838924
.0475979,-.3227574,-.9057013,.2639425,-.3061156,-.3800351,-.2279366,.3107705,-1.377229,-.2351203,-1.253837,-1.363894
1.934029,-.3294773,-.6607825,-1.288328,.1840089,-.0964681,-.1580664,.1951723,.4527696,1.163125,.39183,.5036891
.67465,2.909634,2.512009,1.183097,2.341426,2.045402,3.009022,2.525902,2.464808,.7806309,1.397681,1.076216
1.590106,.115542,-.4230177,1.147383,-.9747456,-.7703165,-.5497574,-.6800591,-1.996414,-1.538758,-1.219894,-.1305413
-1.539536,1.120844,-.076707,1.613885,.249422,-.1150392,.7723702,-.2269652,.2029257,-.3030259,-.1659653,-.3625842
.1355867,1.270247,.5758615,-.7494375,-.5217637,-.3415984,-.477068,-.0523089,.2040471,1.836442,.005721,-1.066163
1.70325,.6188751,-.7295686,-1.436484,-1.163615,-1.111647,-.4078297,-1.213664,-1.228338,.5729554,-.7219087,-.2386345
.6725409,-.2433649,-1.87973,.3817445,-1.449023,-1.625643,-1.355569,-1.83599,-1.566539,.7630532,-1.786057,-1.340915
2.133972,-1.974247,-2.593069,-1.569545,-2.3204,-2.827539,-1.716702,-2.830315,-1.16701,-1.311804,-.6376949,-.323194
-1.114986,-1.608371,1.178697,.3048223,-.2453264,.7671726,.4858953,.421513,.4628966,-.4516744,.151269,.1602194
-.7782315,.8910807,.144109,.1035842,-.1847209,-.6473103,.1430041,-.7629564,.1329245,-1.313928,.4111417,1.919419
-.3841255,-.0349144,-1.351661,.1546332,-.9798589,-1.966024,-1.619399,-.94135,.0757245,.5766476,.0213588,-.2160281
-1.152282,1.325377,.7367603,-.2953832,.6765314,.4782881,.4548576,.6178818,.8229867,-.0429896,.8196971,.668981
-.1723792,.236419,-1.191137,-.8515938,.0522446,-.889284,.1298983,-.3626323,-.7361532,2.334327,-1.004199,-1.967208
.8916479,-.1051123,.2693867,1.075312,-.7117693,-1.016875,-.6871268,-1.375733,.5466552,-.6681816,1.109811,.93643
.5512617,-1.752095,-1.594288,-1.595293,-1.307859,-1.350351,.2015229,-.7123272,.0512988,-.5214208,-.0797061,.3285501
.6699225,-.4331834,.9789338,.3120184,1.079584,2.372953,1.601599,2.232966,-.0544801,1.296391,-.822003,-1.198482
-1.70568,-.525288,-.2569761,.0513809,-.3557889,.1464522,-.8208676,-.3641792,-1.305096,-1.310919,-1.222243,-.6483768
.7461427,.196612,.494615,-.4942841,.1763905,-.0605026,.034498,-.2198708,-1.072127,-1.585238,.164646,-.2668206
-3.109393,2.182793,2.09591,1.949242,2.142167,1.136468,1.325811,.7718394,1.728729,1.027776,1.37859,1.483234
-.0831021,1.533146,1.103766,.482798,1.386869,.8568442,.0570873,1.163443,1.455419,.7154577,1.085598,.8778725
-.4872625,1.119677,1.203615,1.046139,1.409003,1.50766,.5190245,1.472625,-.3649845,-.0222493,-.0124287,.2239454
-.1023335,-.0735712,-1.090945,-.961804,-.6750121,-1.462307,-.8947781,-1.318498,-.8987159,1.298631,-1.023952,-1.698855
-.2871892,-.088049,-.1479197,.616262,.2792057,.9599731,1.055047,.575954,.1525778,1.028644,.1560569,-.3677163
-1.247406,-.2617469,.5561119,-.0679175,.2859666,.1971968,.1498949,.4650296,1.24133,.8400287,1.110443,.4774395
-.137502,-.917014,-.1746009,-.2689472,-.172695,.3860929,-.0492065,.8828992,-.2599002,1.166822,-.7725225,-.8583366
.8055552,-.5856315,1.050182,1.029025,2.130601,.9190754,1.701151,.9206284,.9729379,-.5273435,1.075681,1.266888
.7473377,-2.091393,-.7808754,-1.452879,-.7172288,-1.246485,-.324331,-.8155373,-.0833071,.6619577,.0285535,-1.339559
-.7198145,1.10664,3.169869,1.409909,2.095051,2.05799,1.886654,2.355476,2.006982,-1.105421,1.891851,2.963494
-.3825923,-.7277329,-.0911128,-.4679847,-.5492412,.417355,.2195814,-.0405888,-.737373,.8407046,-1.135356,-.7378384
-2.35525,.0735117,2.605575,2.097363,2.438914,2.172737,1.143212,1.507497,1.200821,1.668691,1.119563,.1432971
-1.859101,.0600699,-.4083281,-.4756173,.3571218,.7893592,.5007321,1.644823,1.426045,1.563976,1.279327,.0638793
1.600751,.4904917,1.065013,.562573,.3777718,1.295179,1.854651,1.036636,-.0030644,2.222109,-.3734795,-.7254476
-.9499984,.1868258,.4936151,-.5853888,-.2868095,-.3204028,.5603992,-.7152043,2.252586,1.826601,.6694447,.4268653
-.5328131,-.836929,-.643927,.0163966,-.9305484,-.044592,-2.349613,-.7099267,-1.453737,1.527669,-.3026431,-1.465695
-1.119665,.7957461,1.49635,.9607521,1.112802,1.293704,1.383267,.6826191,.0320923,-.1645436,-.5092322,-1.061201
-.9615833,.2207785,.5758597,1.451913,1.93531,1.028156,1.162079,.317671,.774236,-.5486308,-.1993468,1.014676
-1.102387,1.759137,.8832113,.4407557,.8249943,1.894464,-.7811458,1.171168,.4978088,-.3347085,-.0357011,.1334936
-1.800189,1.144973,.2165652,-.0129459,-1.361724,-.8416848,-1.682961,-.8821577,-2.392328,-.5424689,-1.183347,-1.361891
-1.027467,.4868381,-.3000006,1.137598,-1.011406,-.2129893,-.1924695,.0521417,-1.169315,-.7795281,-1.953498,-.1579204
.5987332,-.4041644,-.3892942,-.3835312,-.7796665,-.3865599,-1.098837,-.7271436,-.5128281,-.9032568,-1.073627,-.1954453
.5836563,-.2547455,.7049936,.2638951,-.1036429,-1.082128,.631822,-1.74164,-.8198375,-1.049683,-1.140383,.359248
.2012945,-1.361649,.2363854,-1.205225,.4608094,-1.030697,.933091,.5655369,.2088586,1.022377,1.357175,-.1024726
-.4625338,1.361246,1.772681,1.666155,.7543086,1.548899,1.016365,.57191,1.027099,-1.370654,1.028473,1.499087
-.7030259,.1795812,1.195631,1.037134,.5303821,-.0459728,.6974519,.6195481,.5923495,.8941023,.6054442,-.3229871
1.609115,-1.715081,-.0222636,-.1500875,.7080086,-.2818061,.8127822,.2682568,1.075836,-.1256618,1.639764,.5511518
.328022,.364513,.8862088,.3168658,-.322975,.4500006,-.1044401,.6365167,.1883117,.4277846,.0679883,-.0994513
-1.338791,.7353014,.8225129,-.2778341,.7318416,.6137259,1.58457,.8017553,1.469563,.0708945,1.63888,1.252648
-.0248774,-1.20871,1.189662,.557028,1.574946,1.24762,.7607256,1.336233,2.104782,1.957352,2.179562,1.330801
-.85136,.2170188,1.316253,.3480294,1.571082,1.177799,1.288354,1.019278,-.1311312,-.1545997,.1214173,.2573244
.2610683,.2973712,.0462353,.5380696,.2166193,-.0849312,.1254105,-.0714093,-.2795136,.1621516,-1.374099,-.9355357
-.3483735,.4710385,1.061608,.4959216,1.759404,2.069377,1.793035,1.854252,1.607192,1.459018,2.342282,.6510019
-.1256896,1.136094,-.6658646,.1956376,-1.365773,-.0986089,-.6552398,-.2613697,.2653159,.4383566,-.1925495,-.251562
-.5001724,.5085864,-.0583572,-.5703956,.1721733,.7831146,.3622963,.6577893,.8738715,-.7264332,.1464542,-.6242443
.5755551,1.386733,1.292419,1.535471,1.072801,.7507796,1.810439,-.0615311,1.284846,1.133784,.9067246,-.0038332
-.9231754,2.384024,1.58146,.5874506,1.669509,1.300676,1.145652,1.0777,.2154522,-.3151844,-.7593013,.5044528
-.6079026,1.012032,-.4422076,.6351998,-.4787262,-1.106148,-1.044784,-1.323007,-1.020789,-1.408664,-.5248483,.0812017
-.4076923,1.100103,.5361028,-.2981175,1.17036,.3098753,1.932216,.7066518,2.432985,-.8982645,3.116372,1.667186
-.0160081,.135349,-.3862816,-.5684871,.8076919,-.0590479,.6519741,.6185313,1.2169,-.3165222,.5304745,.764849
-.8683041,2.336349,1.531619,-.6439471,.0386908,.762133,.2486523,.4048153,.4532956,1.070724,.9156376,.0940059
-.8499987,-.1665761,1.614651,.6324899,1.035703,1.51801,-.3046547,.8804634,.1920484,-.5361949,1.068301,.7822145
.0311182,-.5297143,-.4048004,.3555019,-.7326875,.6533899,.4762667,.3579392,-1.335456,-.4895823,-.4873244,-.8824936
-.3362639,.8902873,-.3783872,-.725316,-.6136765,-.4134122,-.9161526,-1.500722,-1.186287,-.4695112,-1.706326,-.9339112
-1.652006,2.312618,1.119709,1.595253,.9932604,1.133592,1.117467,.6726072,-1.303488,-.5573533,-.5825309,-.4027663
.1858595,-.5232502,-.1150098,.5652071,.8576012,.2423306,.046089,.1117086,-.0811547,-.8892959,-1.78892,.2015091
1.723931,-1.874701,-.5194075,.5419709,.3446576,-.6792207,-.1652758,.6332709,-.7834357,-2.443357,-1.878559,-.5966317
.34098,-.139117,-.4924078,.3759567,.4449553,-.5475338,-.8099779,-.356279,.119741,.562343,.0169387,-.4217321
.0353681,.4852868,1.004131,1.047346,2.401743,1.40876,.3498935,1.324804,1.69652,1.514619,.5757205,.6681727
1.055206,-.1288674,-.1314788,.2512294,1.339079,.2858114,1.319168,.3700618,.9863353,-.3858441,.2705424,.7923067
-.2638684,.0643222,1.194874,2.688972,.8648418,1.302709,1.870716,1.511661,.0246984,.9194717,.6548191,.3563019
1.253371,-2.476174,-1.513308,-1.321175,-1.684187,-.8457613,-1.245065,-.5781791,-1.237485,-.1147869,-1.369153,-1.634676
.7194194,.3395883,-1.144228,-.0300024,-.1807451,-.8758807,-1.151676,-1.208176,-.6628841,.0395211,-1.312365,-1.568434
1.058551,.3378274,-.92711,-1.088223,-.4706015,-.487856,-1.029221,-.6144547,-1.337087,.9141265,-.1453783,-1.547025
.0040079,-1.102343,.3607413,.9506713,.9922996,-.0516387,.650077,-.6200892,-.0494176,1.56441,.3374112,-1.474297
.9965743,.9530656,-1.130574,-.4240039,-.564804,-.453502,-.6297898,-.8523132,-.4442985,.5576483,.2728403,-.6020783
-.4776824,.8368393,.1892771,-.3043666,-.2738612,-.3063459,.7576467,-.2828962,.5138521,.5958182,.824531,.1921896
-.3724758,.1881755,-.7584531,-1.393804,-.0865393,.1661659,-.4650695,.0698182,.5717667,1.001182,-.0419822,-.150267
.5878156,-.4600225,-.2306184,.9393799,-.0696896,-.0310724,-.6556535,.2722433,-.8331649,-.7844518,-.4402871,.7230288
-.8154023,-.8289949,-1.203895,-.9960116,.1125837,-.3304003,-.6162343,-.5752712,.4357378,1.481487,.4034092,.2910946
-.2571866,-1.242424,.2076395,1.199815,.1007794,1.065807,.9021356,1.994347,.1162631,.1836502,-.4097641,-.1301543
-.9253356,.1883395,.4750771,.0619734,-.1377328,-.1531522,.1269668,-.0680113,.556534,1.232998,.8037117,-1.038643
-1.226723,.3585665,-.9560575,1.254288,.0043991,-.9160802,-1.549301,-1.174476,-.6133124,1.043499,-.5454556,-1.035543
.1687147,.1319286,-.3135154,-.1146271,.2620614,.2379513,-.4529025,-.1280738,-.8170878,-1.838338,-.3273734,.9689022
.1822142,-.7260034,-1.075645,-1.081914,.2911431,-.4465973,-.051133,-.4435632,-1.259645,.8934711,-.5929469,-.7726289
2.593477,-1.231962,-.6650223,-.2712353,.5125716,.2326155,.7455183,.438917,.6280607,-.4522862,-.6650282,1.179179
-.3920286,-1.250906,-.8819615,-.7232441,.0906224,-.0890898,-.5532687,-.367666,.6098446,.1138408,-.3450783,.4180073
.8068666,-.1903495,-1.574842,-1.984243,-.7990525,-1.446887,-1.824267,-1.787829,-1.305723,-.3816484,-.4080904,-.4213056
.6474152,-.5133306,-.9975988,-1.378115,-.2260435,-.4390181,-1.185216,.2387368,-.9568099,.3401361,-1.043461,-.1455824
.4021274,-1.583142,-.1313994,-1.44849,-.3140976,-.9365354,-.0101964,-.0632389,-.5384485,-.8732702,-.0126611,.4306072
-.0590734,.5186448,-.1289331,.0113205,.6433383,.1357822,.7293903,.1039097,-.7163597,-.3368274,.3874162,.2606089
.0755155,-1.14382,-.3059605,-.4990496,.8853644,-1.243963,-.1714579,-.1568646,.4298066,.8563349,.8705944,-.4186263
.1772979,.0195874,.0330357,.6102844,-.2189245,.0219318,-.5610637,.0129424,-.6976808,.2802112,.4280616,-.3106129
2.477417,-2.045455,-3.205293,-3.760733,-3.122554,-1.807033,-1.803124,-1.440625,-1.936945,.2015958,-1.164404,-1.721005
.3202799,.5430998,.484226,1.682217,.7148348,.7840568,.2813618,1.135784,-1.643305,-.3672495,-.9584334,-.7009494
-.2617449,-1.124962,.3249352,.1899427,.9259028,1.410151,.9973162,1.961042,1.764088,.2401961,1.948376,1.357317
.8880466,1.167426,1.035862,1.700427,1.370691,1.782689,1.299146,2.073724,.9785478,-2.213378,.8571526,.6039039
-.5989682,.5831606,.2979768,.4667003,.1345953,.8195392,-.6306602,1.855847,.1456384,1.502368,-.1758328,.9939523
-.5454833,1.968605,.8302805,.8943288,.7325513,.4119736,1.465726,.605725,.0684106,-.0784757,-1.572416,-.3094293
.6000046,.266333,-1.429169,-1.258316,-1.321087,-1.414667,-1.131429,-1.391417,-.6116754,.57098,-.6526858,-1.196546
-.8293504,-.9512642,-.554581,1.986957,.8667957,-.3982044,-.4340921,.075461,.0916385,.5102634,.0064678,.8368093
-1.519905,1.610064,.0526995,-.1766022,-.2265564,-.2389262,-.2605284,-.3490166,.1116781,.4967575,.2504967,-.8535702
1.118355,-.1437874,-.3419865,-.9390114,-.1967847,-.5608452,-.5105997,-.8373422,.3108519,-1.004301,.1915431,1.489648
-.2104121,.2715054,-1.195632,-.5272955,-.7549701,-1.371922,-1.661255,-1.49604,-.3818336,2.202387,-.3842885,-1.998656
.2909732,.5995507,1.929507,.7830091,.5000899,1.664375,.7652419,1.385492,-.3252751,1.77501,.2331497,-.6565806
.672349,-3.213696,-3.26907,-.9455781,-1.513475,-1.978408,-1.97904,-1.712082,-1.660481,.3963966,-1.39351,-1.561759
1.94411,-1.341501,-2.416903,-1.545116,-2.090808,-2.602391,-1.091864,-2.429199,-2.19292,-1.292734,-1.973055,-1.069454
.4212134,-.3050365,.240849,-1.022978,-.3925912,-.2369426,-.4155771,-1.046472,.9506493,-.2786602,.8548171,1.211736
-.0536442,-.5432695,-.3524289,-1.87242,-.9943926,-1.093111,-.0571561,-.57166,.8624313,-.399146,-.584411,.1791113
-.073161,.8693746,-.1903896,.658222,-.3440443,-.5870817,-1.547957,-1.249628,-1.304218,-1.236608,-1.728614,-.1117267
-1.300921,.6479048,-.1651519,-1.396952,-1.602369,-.9463594,-.9446909,-1.633146,.4586341,1.575498,.7362353,-.149155
.3566141,-.4328022,.8785216,.4978864,1.384636,1.446578,1.480189,1.327087,.9926378,-1.84427,.6094383,1.304856
-.193582,-.2330731,.6645325,.5739951,.3281994,.6885895,.6406196,.9603822,.0954122,1.31733,-.1508612,-1.525256
-.7949284,-.4040508,-.4932806,.7963054,2.239519,-.1186738,-.6912848,-.2139577,-.9458564,-.5420319,-.2782653,-.4257423
.7370139,1.218061,1.565454,.5176368,.1985845,1.531921,1.303309,1.73709,1.720633,.69272,.1928823,.3644217
.192446,-.4025525,.1885561,.2975835,1.594861,.2997387,-.0489899,.2932914,-.7854232,-2.737267,.0789304,1.041301
-.7946506,.2442579,1.531261,2.027081,1.33112,.5579693,.8017806,.2637331,.739084,-.9569483,2.378646,1.48859
2.064682,-1.40095,-.5536291,-.7931809,-.6277382,-.7519204,-.2828116,-1.201717,-1.961288,1.006639,-1.628699,-.2715035
2.023063,-1.219579,-2.08454,-1.292357,-1.75953,-1.422087,-1.46227,-2.005717,-2.555882,.0574151,-3.298229,-2.592136
-.7020003,-1.385406,-.5949045,1.00589,-.4857526,-1.543572,-2.08024,-1.166647,.22024,-.0553283,.2883931,-.3760303
-.2070305,-.6604276,.1017653,.3510543,-.5582964,.9598674,.6935591,.9917818,-.6873514,1.677744,-1.477963,-2.398304
-.2647937,1.641788,.7805695,1.597397,1.044911,-.0334527,.2670804,-.0341213,-.3585253,1.058237,.1104342,-1.32036
.3227703,.1178374,-.8926135,.0028549,-.3110348,-.7779905,-.6224828,-.9922414,-.6913472,-.3239698,-.9035783,-.501474
-1.059978,1.467048,-.5741832,-.2303779,.4076884,.269019,.0236558,.5288762,.4542614,.6844926,-.0500237,-.470855
-.3413008,.8593493,.3951995,.1852869,-.0292108,.6868052,-.2736451,.5668199,.5577458,.7711344,1.384871,1.196789
.8452681,-1.119905,-1.22159,-.5116446,-1.11851,.1218132,-.9263501,.3964742,-2.034294,-.6678435,-2.547125,-1.369308
.8947843,.8617985,-.4030364,-1.241923,-.066135,-.0964914,-.1188739,-.0246694,-.4950934,1.132234,.0560966,-.3885066
-.0283435,-.5228788,1.108963,1.392306,1.234005,1.111975,1.451166,1.249443,1.066692,.7396863,.8392695,1.251011
-.085044,.2248114,.7310245,1.056277,-.0781205,.2856561,.0235639,.1211582,1.74423,1.077298,1.624025,.6924501
-.6195401,.9377497,-.026044,-.5881306,-.5233002,-.2786819,-.3919915,-.2055861,.4662388,1.731037,.3294638,-1.281052
1.691435,-1.785078,-1.1533,-.6693196,-2.006585,-1.087903,-.6405478,-.0792856,-1.870847,.3080333,-2.933769,-2.246124
-.8645643,-1.241843,-.5327004,.4623162,.2191502,-.7928157,-.4864068,.0295346,-.4457077,-.5471508,-.6328931,-.1795483
-.5898936,-.6327457,.5529178,.4704203,.6324854,.5115958,.1250571,.6093183,.1768142,.6023769,-.7900652,-.9656079
-.6430532,.0532284,-.1232726,-.1556206,-.6101325,-.3402149,-.4387104,-.4781599,-.8436483,-.9646375,-.7489472,.6323621
-.3897507,.0450993,.2594452,-.4827069,.4516119,1.213218,1.214278,.8815773,.4783135,1.055373,-.6458957,-.9274
.5763397,-.1320976,-.3509704,-1.22122,-2.225532,-1.740109,-.5471224,-1.920384,-1.770518,-.4049519,-.9022487,-1.428739
.6980849,-1.755009,-.3326632,.2464883,.3222038,-.2150605,.4298048,-.2038207,.3262483,-.502716,-.9020278,.1128483
.9977006,1.147359,-1.327668,-.7084341,-.3664819,-1.004378,-1.086663,-.4790354,-.2953581,-1.042928,.7467769,1.245856
-.8834183,1.732672,.7879936,.8308639,1.555611,1.502849,1.883519,.7332788,.4046967,-.2778006,-.3030558,-.5212383
-1.615897,1.388206,1.119612,.7412534,-.2214913,-.183038,.1278756,-1.259931,.4555983,1.456936,.4551663,-.1859041
-1.7785,.2260613,1.186698,.7136842,1.153716,1.563509,1.577532,1.111477,1.406488,-.625694,.5834097,1.630578
-.6312826,-.0143127,.0717598,-.0876678,-.4380721,-.0886692,.7980877,.1411887,-.9161387,-.4851622,-2.590489,-.8136293
2.302754,-.834215,-1.204922,-.734334,-.5328717,-1.298995,-1.475613,-1.899179,-.1759748,1.46952,-.0233922,-.6852011
-.1676394,-.4673725,.8239689,2.184592,1.747956,1.502481,-.024709,1.553275,1.403046,1.121691,.5129828,.5129707
.5528517,-.2198156,-1.02149,-.4483043,-.4789805,-.8254572,.2468346,-.4425355,-.2133416,-1.541532,-.1293741,-.2511443
-.0375651,-.2425377,-.1527358,-.0362544,.552597,-.521529,.4117681,-.264186,.7018427,-.2511871,-.1164798,-.8613354
.6299218,.1784935,-.4692572,-.2285416,.0558984,-.6585412,-.4564028,-.8961368,-.4747722,-.9004467,-.5232425,.4763212
-.5234234,1.795761,-.2780596,-.2425808,.3442143,.1337929,-.3428567,-.0933168,-.1903976,-.3972432,.5620723,.558794
.7594318,-.5921399,.3329814,1.045125,.5499713,.6407977,.0370312,.6578912,.7144101,-.202877,.661086,.2721348
1.005945,.3189262,-.7212585,.7229837,.086297,-1.299464,.3653889,-.5027752,.4536653,.1891191,.1645229,-.4425706
.6595812,.6400879,1.009755,1.005286,1.756691,.6103516,1.172679,.6839443,1.61603,.800778,.5707578,.7767114
1.211873,-.9287218,.352621,-.9257905,.9318093,.2706572,-.7018473,1.019177,-.8397909,.3505826,-.9545547,-2.123937
-.0792933,-.3186871,-.844624,-1.252453,-1.182984,-.435049,.0072513,-.6200449,-.5591391,-1.022784,.1625055,1.085369
-.3052066,-.848146,-.0587613,.1175749,-.4920783,-.8584635,-.9588578,-2.138054,.4669053,1.0075,-.7602816,-1.068116
-.762098,.5393939,.7856974,.8609743,-.6962909,.4014923,-.4992814,-.3947979,-.3092596,-.7912832,.4099096,.0628578
.0145004,-.4204466,-1.456142,-1.882403,-.910896,-1.26765,-1.065096,-.6862414,-.1329354,-1.199333,.075311,.3788512
-1.430763,-.3794621,.1368298,.1704326,-.8992959,-.1706186,-1.530358,-.7158555,-.8680759,-.0516683,-.2681474,-.3545465
2.347759,-.6130295,-3.525905,-3.22903,-2.673344,-2.467744,-1.842507,-1.96981,-1.312156,-1.545281,-.8222708,-2.177393
.6352516,-1.741186,-.5739112,.6790021,.0053004,-.5295221,-.9228762,-.1885049,-.3365084,-1.022605,-.3012298,1.19362
.3783353,-.2693328,.1615887,1.375951,-1.420404,-.0025609,-1.42809,-.8463984,-2.285303,-.2140575,-3.192904,-1.430354
1.773982,-.5852288,-1.657932,-2.136219,-1.096165,-.8551776,-.8882068,-.83283,-1.542544,1.147639,.1426435,-1.567997
.5511406,-1.16925,-.6828245,-.566739,-.482724,-.6874545,.2578506,-.9703453,-.3634396,-1.389729,-.3985983,1.420948
-1.029955,.1490003,.5147218,-.3546624,-.6342658,-.0998809,-.7585037,-.0788015,-1.150538,.9599627,-.1932608,-.7035466
-.4052249,1.63736,.8977377,.32691,.4672294,.7818831,.725344,.3631646,.55682,.9359351,-.1212255,.024463
-.5836999,1.303398,.1533069,1.522845,.6875398,.3013853,.960263,.3549733,1.593389,-.8517973,1.974543,.5814672
1.070181,.3200531,.0202997,-.1500028,.2680247,.165391,.8895248,-.0063496,.4197465,.1537886,1.661334,.8342291
.7020013,-.2034158,1.679883,.8165902,.9693827,1.389473,.3157432,1.907907,.0214396,.3197898,.766164,.1167834
-.5586029,-.2080427,1.642776,.5176743,.8838175,1.311143,.9353107,1.114372,.4111012,-.0471624,.3412634,-.0340671
.1966258,-1.286756,.8609446,-.4848077,.6343449,.3578826,.6152942,.3937346,1.584997,.0204394,1.618677,.2552349
-.9497484,-.1350096,.0266692,-.1016901,-.0347802,-.1508509,-.9121881,-1.002432,-.931927,-.1768092,-.3711182,-1.025482
-1.108766,.1276606,.1589219,-.1922486,-.151795,-.2921744,.1034769,-.3149511,-.9727099,1.21708,-.5952201,-1.366991
-.6536811,1.52595,.960616,1.181718,.0659909,.1132699,.5318322,.0271418,-.5658416,-.8623872,-.8082348,-.1534063
.5533191,1.690889,.5657339,-.4086856,.544404,-.112314,.0589284,.3032526,-.7250469,-.0456729,-.1048832,-.5948852
1.018309,-1.396491,-2.182727,-1.474369,-1.11488,-1.356657,-2.046394,-1.555779,-.3161987,-.2896955,.5496693,-.0242243
1.352362,-1.130999,-.8952563,-.7937987,.4800486,-.3416625,.5248911,.3724883,.9158682,1.208152,-.4462573,-.2978658
-.9935139,-.2563033,.7481966,1.606505,1.07899,.7199721,.4848768,1.047149,-.8906149,.0272865,-1.127026,-1.123373
-.2089515,.9793079,-.7934189,.3524244,.9357525,1.045735,-.4937524,.5385116,-.8622894,.4309381,-1.18592,-.4854401
-.3790497,.2922705,-1.746937,-1.295283,.0910604,-.7215097,-.8286724,-.7025592,-.0151377,.5985945,-.2968902,-.6632683
1.640666,-.8300359,-.63872,-.315825,-1.760644,-1.775803,-1.470343,-1.753723,-1.243086,.6963096,-.1895779,-.1992026
-1.507627,2.429151,1.152985,.2172076,.5987934,.3857853,.6694723,-1.172011,-.9382725,.6836355,.4184968,.760375
1.998658,-.7346131,-1.338704,.0268445,-.9144712,-.0943941,-.9973461,.0492405,-.737912,-.4372184,-1.628668,-2.150959
1.281839,-1.850337,-.5486278,-1.090681,.1938095,-.474825,-.9490649,-1.218605,.9483505,.1035611,1.169641,-.0684715
-.5719621,.0010061,-.2263371,-.7133388,-.848129,-.1371911,.3485803,-.3215336,-.6112617,-.4535221,-.8268033,-.5712706
-.5659322,-.5711485,-.216328,.2850551,-.4860537,-.3450578,-.8494671,-1.239156,-2.085591,-3.039874,-1.489345,.8011758
.8663864,-2.34238,-.9272071,.0833446,.3954909,-.2344438,-.817146,-.3462175,.7805839,-1.014531,.4063425,1.42344
.0509508,-.5912134,-1.275172,-.8269845,-1.208723,-.6832274,-1.133273,-.531599,.0310003,-.5455793,.4492476,-.5750539
.3711801,-1.117841,-1.262305,-1.109094,.0201372,-.9983827,.5006375,-.5812939,.7463047,-.4359164,1.208804,.5680248
-.724708,1.568772,-.0577296,2.021403,1.307635,.6817781,-.0080429,.4066429,-1.056132,-1.063737,.1740149,.1243034
.779114,-.2137982,-2.029522,-2.001927,-1.719464,-2.12972,-1.679995,-1.204187,-.8733792,-.4465639,-.1431649,.0142502
2.038992,-.324653,-.7222859,-.3037184,-1.018971,-1.245314,-.8094748,-.7265615,-1.196086,-.5044526,-1.111156,-1.149986
.8469569,-1.175769,.8078312,1.036613,.6810931,-.0571727,.2464998,-.2761425,.0747144,.6207044,-.1291337,-.2978116
.0115582,.186612,-.2315908,-.1642268,-.6014343,-.9887348,-1.399852,-.6919886,-1.387106,-1.546591,-2.100458,-1.150463
.3627622,1.469145,-.0669239,-.4962957,.3199811,-.1150543,-.4208288,.4409043,.231239,.3743226,-.2298079,.0404383
1.301128,-.4443723,.0321886,.6352119,1.34763,.0493906,-.4576052,.3905419,.0156789,.0736515,-1.046436,-.4849735
1.115058,.0601495,.4888808,.7116878,-.1051738,.1208765,.8252028,-.0358188,-.2700865,-.3031571,-.085759,.2763917
3.328277,-1.359904,-.4511168,-.0748162,.0533412,.3431362,-.1050633,1.066087,1.585267,.0889325,1.381152,.4372999
-.3003974,-.6331104,-.241302,.2015693,.0511195,-.9411157,-1.802143,-.5092135,-.2954092,.6985703,.4758744,-.8047566
-1.394545,-1.105491,-1.119276,-.7423266,.3367858,.88596,.6295183,1.717603,1.112325,-2.075309,.3778061,.9826874
1.16761,-1.866561,-1.552431,-1.187771,-2.329268,-1.413815,-2.582184,-1.779763,-.9167084,-.5793244,-.8484867,1.51672
-.3374799,-.9122204,-.9145381,-.2054147,-.1208253,.0186917,-.327261,.3212285,-.4682606,-.5604893,-.0220428,.0823237
-1.120666,1.411064,1.337396,1.515852,1.039686,-.1142555,.8890712,.7473314,.0931077,2.552302,1.243629,.2057514
.0341571,.0151829,-.2216551,.5249313,.0268441,-.6908873,-.6433948,-.9776073,.0940443,-1.753892,.2667934,1.058908
.5571776,-.8694651,-1.399377,.2390283,-1.047624,-1.398303,-.1432318,-1.260573,-.7700275,-.247713,-.1365203,.1906357
1.031113,.350581,.9997408,.2843421,.1812793,.2009931,1.233605,-.1958928,-.8731447,.8670915,-.6611044,-1.587134
1.013015,.3770998,.200276,1.236954,1.638046,.5878559,1.985138,.6551088,.4759249,.0075275,-.1828874,1.053778
.498464,-.3388087,-.4645715,.0028018,-.4186048,-.4208371,.1702327,-.4928956,-1.556274,-.9373236,-.7255581,.3036362
1.022553,.5571759,-.3242083,.0235173,.8640661,.1128222,-.3403431,.6280973,.748773,.851868,-.3481597,.4319802
.1672007,.4857299,-.0484394,.4977207,-.3214659,.2854742,1.394894,-.0197666,-.4381787,-.1583903,.8523095,-.0814243
-.3910469,-.4863515,-.4974233,-.7872118,-.8521802,-.7060181,.0304251,-.3852517,-.809753,-.4737442,-1.091513,.1797328
-.9022207,-.9608244,.0214532,.6406962,.2425974,.3086875,-.0279564,1.010145,1.159353,.6813487,.9772993,1.133156
-.5695756,.3001677,.7509473,-.4518135,.8147184,1.132794,-.071218,.7192969,1.328461,.526994,1.712095,.2632852
-2.263407,-.3404731,.0362679,.4002903,-.1809546,.6263109,-.425413,-.0432311,.3274111,-.1404521,.633559,.7966526
-.3599253,.8025676,.1206236,-.679169,-.2927006,1.224979,.4475929,.8856446,.2871656,.3346158,.3414905,1.056066
.5369411,-.5751442,-.3937448,.0860869,-.3665367,.7032958,-.3787138,.1084259,.2577785,-.4203128,.2078503,-.552466
-.1093764,-.8675011,.3692411,-1.216009,-.4720281,.3888996,-.0185587,.087226,1.515843,1.416581,2.021065,.8040233
.5205892,-1.063437,-1.751207,-.9503462,-2.72349,-1.983763,-2.393232,-2.13341,-1.768235,-.5721818,-2.088604,-1.34432
